0,477
0,476
0,475
0,474
0,473
0,472
0,471
0,243
43,3
43,2
0,470
43,1
43,0
0,469
0,468
42,3
42,2
0,467
42,1
42,0
0,466
0,465
0,464
0,463
0,462
41,3
41,2
41,1
41,0
40,3
40,2
40,1
40,0
0,461
0,460
39,5
0,459
0,458
0,457
39,4
0,456
0,455
0,454
39,3
39,2
0,453
39,1
39,0
0,452
0,451
0,450
38,4
0,449
0,448
38,3
38,2
38,1
38,0
0,447
0,446
0,445
0,444
37,4
0,443
37,3
37,2
37,1
37,0
36,4
0,442
36,3
36,2
36,1
36,0
35,3
35,2
35,1
35,0
34,3
34,2
34,1
34,0
25,4
25,2
25,0
25,1
25,3
0,441
0,440
0,439
28,5
28,4
28,2
28,0
28,1
28,3
0,438
26,4
26,2
26,0
26,1
26,3
0,437
0,436
0,435
23,2
23,0
0,434
0,433
0,386
27,4
27,2
27,0
27,1
27,3
0,278
30,2
30,0
31,35
33,4
33,3
33,2
33,1
33,0
32,3
32,2
32,1
